t avg best
0 45 26.60 
1 50 28.45 
2 50 29.76 
3 62 30.89 
4 62 32.08 
5 62 33.05 
6 62 33.89 
7 62 35.09 
8 62 35.97 
9 62 37.21 
10 62 38.00 
11 62 39.31 
12 62 40.32 
13 62 40.39 
14 62 40.68 
15 62 40.97 
16 62 41.90 
17 62 42.82 
18 62 43.16 
19 62 43.50 
20 62 45.42 
21 62 47.14 
22 62 49.34 
23 62 50.68 
24 62 53.21 
25 62 53.98 
26 62 54.75 
27 62 56.52 
28 62 56.50 
29 62 56.32 
30 62 56.66 
31 62 57.39 
32 62 57.11 
33 62 56.25 
34 62 57.11 
35 62 56.50 
36 62 56.34 
37 62 56.85 
38 62 56.33 
39 62 56.31 
40 62 56.17 
41 62 56.44 
42 62 57.45 
43 62 56.25 
44 62 56.13 
45 62 56.23 
46 62 55.74 
47 62 55.66 
48 62 55.57 
49 62 56.64 
50 62 56.75 
51 62 56.05 
52 62 56.57 
53 62 56.28 
54 62 56.46 
55 62 57.15 
56 62 57.55 
57 62 57.08 
58 62 56.90 
59 62 56.63 
60 62 55.82 
61 62 57.16 
62 62 55.12 
63 62 56.21 
64 62 55.98 
65 62 55.90 
66 62 56.85 
67 62 55.62 
68 62 55.96 
69 62 56.24 
70 62 56.71 
71 62 56.97 
72 62 56.43 
73 62 56.90 
74 62 56.91 
75 62 57.01 
76 62 56.35 
77 62 56.96 
78 62 56.08 
79 62 56.87 
80 62 56.41 
81 62 56.29 
82 62 56.29 
83 62 55.99 
84 62 55.55 
85 62 56.75 
86 62 56.46 
87 62 56.89 
88 62 57.21 
89 62 56.71 
90 62 56.20 
91 62 56.38 
92 62 56.06 
93 62 56.36 
94 62 56.54 
95 62 55.80 
96 62 56.82 
97 62 56.66 
98 62 56.42 
99 62 57.22 
100 62 56.19 
101 62 56.20 
102 62 56.08 
103 62 57.21 
104 62 57.10 
105 62 56.72 
106 62 56.11 
107 62 56.16 
108 62 56.27 
109 62 56.13 
110 62 56.24 
111 62 55.96 
112 62 57.30 
113 62 57.11 
114 62 55.84 
115 62 56.31 
116 62 56.67 
117 62 56.83 
118 62 56.89 
119 62 56.79 
120 62 57.29 
121 62 56.36 
122 62 56.64 
123 62 56.56 
124 62 55.99 
125 62 56.30 
126 62 56.65 
127 62 56.34 
128 62 56.92 
129 62 56.68 
130 62 57.49 
131 62 56.80 
132 62 56.01 
133 62 56.42 
134 62 55.89 
135 62 56.34 
136 62 56.47 
137 62 56.35 
138 62 55.46 
139 62 56.23 
140 62 55.77 
141 62 55.93 
142 62 55.89 
143 62 56.12 
144 62 56.18 
145 62 55.91 
146 62 55.88 
147 62 56.67 
148 62 56.77 
149 62 57.08 
150 62 56.35 
151 62 56.96 
152 62 56.65 
153 62 56.24 
154 62 56.73 
155 62 56.05 
156 62 56.80 
157 62 56.75 
158 62 56.47 
159 62 56.50 
160 62 56.41 
161 62 56.34 
162 62 56.74 
163 62 56.76 
164 62 56.72 
165 62 56.37 
166 62 57.08 
167 62 57.05 
168 62 57.03 
169 62 56.15 
170 62 56.03 
171 62 56.85 
172 62 57.13 
173 62 56.78 
174 62 56.71 
175 62 56.76 
176 62 56.58 
177 62 57.76 
178 62 57.29 
179 62 55.57 
180 62 56.82 
181 62 56.43 
182 62 56.56 
183 62 55.26 
184 62 55.91 
185 62 55.90 
186 62 55.86 
187 62 56.98 
188 62 56.80 
189 62 56.29 
190 62 56.86 
191 62 55.62 
192 62 56.47 
193 62 56.46 
194 62 56.26 
195 62 56.30 
196 62 56.03 
197 62 57.20 
198 62 56.55 
199 62 55.97 
200 62 56.60 
201 62 56.65 
202 62 57.15 
203 62 56.47 
204 62 56.39 
205 62 56.53 
206 62 56.63 
207 62 55.93 
208 62 55.62 
209 62 56.53 
210 62 55.94 
211 62 57.12 
212 62 56.54 
213 62 57.31 
214 62 57.21 
215 62 56.88 
216 62 56.89 
217 62 57.28 
218 62 57.13 
219 62 56.89 
220 62 55.83 
221 62 55.84 
222 62 56.34 
223 62 57.04 
224 62 57.15 
225 62 56.80 
226 62 56.40 
227 62 56.36 
228 62 56.66 
229 62 56.72 
230 62 56.64 
231 62 56.45 
232 62 56.14 
233 62 56.48 
234 62 57.06 
235 62 56.57 
236 62 57.13 
237 62 56.27 
238 62 56.46 
239 62 56.28 
240 62 56.00 
241 62 56.18 
242 62 55.90 
243 62 56.37 
244 62 56.49 
245 62 56.04 
246 62 56.54 
247 62 56.54 
248 62 57.25 
249 62 56.11 
250 62 57.24 
251 62 57.13 
252 62 56.88 
253 62 55.77 
254 62 56.24 
255 62 55.56 
256 62 55.87 
257 62 57.00 
258 62 56.22 
259 62 56.35 
260 62 56.79 
261 62 56.57 
262 62 55.80 
263 62 56.45 
264 62 56.37 
265 62 56.49 
266 62 57.23 
267 62 56.76 
268 62 56.41 
269 62 56.03 
270 62 56.83 
271 62 56.28 
272 62 56.57 
273 62 56.49 
274 62 56.91 
275 62 57.09 
276 62 57.21 
277 62 56.29 
278 62 55.96 
279 62 56.39 
280 62 56.65 
281 62 56.58 
282 62 56.38 
283 62 57.15 
284 62 56.46 
285 62 56.62 
286 62 57.06 
287 62 56.91 
288 62 56.64 
289 62 57.50 
290 62 56.54 
291 62 56.09 
292 62 56.16 
293 62 56.58 
294 62 55.66 
295 62 56.21 
296 62 56.34 
297 62 55.92 
298 62 56.16 
299 62 55.95 
300 62 55.96 
301 62 55.61 
302 62 55.95 
303 62 56.83 
304 62 56.86 
305 62 56.58 
306 62 56.81 
307 62 57.50 
308 62 56.41 
309 62 55.77 
310 62 56.14 
311 62 55.78 
312 62 55.66 
313 62 56.52 
314 62 56.29 
315 64 56.14 
316 64 56.93 
317 64 56.45 
318 64 56.64 
319 64 57.08 
320 64 56.86 
321 66 57.09 
322 66 56.76 
323 66 57.35 
324 66 56.73 
325 66 56.86 
326 66 57.26 
327 66 57.01 
328 66 56.23 
329 69 56.91 
330 69 56.95 
331 69 57.36 
332 69 57.41 
333 69 57.66 
334 69 58.15 
335 69 58.20 
336 69 58.58 
337 69 59.47 
338 69 59.00 
339 69 60.08 
340 69 59.49 
341 69 59.78 
342 69 60.02 
343 69 61.13 
344 69 60.93 
345 69 60.27 
346 69 60.39 
347 69 60.90 
348 69 60.59 
349 69 60.74 
350 69 61.48 
351 69 60.83 
352 69 60.78 
353 69 60.80 
354 69 60.04 
355 69 60.52 
356 69 60.35 
357 69 61.48 
358 69 61.38 
359 69 61.35 
360 69 61.21 
361 69 60.75 
362 69 61.43 
363 69 60.92 
364 69 60.91 
365 69 60.82 
366 69 61.04 
367 69 61.06 
368 69 62.18 
369 69 61.92 
370 69 62.34 
371 69 60.92 
372 69 61.90 
373 69 60.50 
374 69 60.85 
375 69 61.31 
376 69 61.12 
377 69 60.55 
378 69 60.47 
379 69 60.70 
380 69 61.16 
381 69 61.46 
382 69 61.27 
383 69 61.43 
384 69 61.54 
385 69 61.82 
386 69 60.62 
387 69 61.63 
388 69 61.68 
389 69 60.68 
390 69 61.23 
391 69 61.23 
392 70 61.45 
393 70 61.74 
394 70 61.62 
395 70 61.47 
396 70 60.83 
397 70 61.71 
398 70 61.64 
399 70 61.66 
400 70 61.25 
401 70 61.70 
402 70 61.69 
403 70 61.20 
404 70 61.78 
405 70 60.84 
406 70 61.64 
407 70 61.33 
408 70 61.40 
409 70 60.67 
410 70 62.08 
411 70 62.12 
412 70 62.07 
413 70 61.51 
414 70 61.43 
415 70 61.39 
416 70 62.16 
417 70 62.24 
418 70 61.90 
419 70 61.01 
420 70 61.10 
421 70 60.63 
422 70 60.82 
423 70 60.88 
424 70 60.83 
425 70 61.31 
426 70 62.95 
427 70 61.19 
428 70 61.48 
429 70 61.17 
430 70 61.18 
431 70 60.50 
432 70 60.75 
433 70 61.25 
434 70 60.97 
435 70 61.79 
436 70 61.34 
437 70 60.96 
438 70 61.31 
439 70 59.85 
440 70 60.03 
441 70 60.54 
442 70 61.20 
443 70 60.25 
444 70 61.87 
445 70 61.43 
446 70 60.96 
447 70 60.71 
448 70 61.78 
449 70 62.52 
450 70 61.57 
451 70 61.97 
452 70 60.93 
453 70 61.32 
454 70 61.41 
455 70 60.89 
456 70 60.68 
457 70 61.26 
458 70 60.68 
459 70 61.75 
460 70 62.32 
461 70 62.18 
462 70 61.90 
463 70 61.65 
464 70 62.20 
465 70 61.75 
466 70 61.37 
467 70 61.26 
468 70 61.17 
469 70 61.41 
470 70 61.48 
471 70 61.47 
472 70 61.60 
473 70 60.74 
474 70 61.59 
475 70 61.52 
476 70 61.31 
477 70 61.71 
478 70 61.05 
479 70 61.47 
480 70 61.89 
481 70 61.95 
482 70 61.89 
483 70 62.09 
484 70 61.48 
485 70 61.34 
486 70 60.84 
487 70 61.50 
488 70 61.80 
489 70 61.41 
490 70 61.01 
491 70 62.64 
492 70 62.72 
493 70 61.85 
494 70 61.10 
495 70 60.98 
496 70 61.72 
497 70 61.85 
498 70 61.24 
499 70 60.96 
500 70 61.79 
501 70 61.91 
502 70 60.91 
503 70 61.05 
504 70 61.43 
505 70 61.47 
506 70 60.25 
507 70 61.07 
508 70 59.83 
509 70 61.06 
510 70 61.23 
511 70 60.72 
512 70 61.40 
513 70 61.52 
514 70 60.02 
515 70 60.50 
516 70 61.44 
517 70 60.80 
518 70 61.16 
519 70 62.06 
520 70 61.56 
521 70 61.17 
522 70 61.42 
523 70 61.66 
524 70 60.84 
525 70 61.01 
526 70 62.06 
527 70 60.50 
528 70 60.70 
529 70 61.15 
530 70 60.88 
531 70 61.83 
532 70 61.31 
533 70 61.57 
534 70 61.92 
535 70 61.50 
536 70 61.47 
537 70 60.90 
538 70 60.50 
539 70 60.00 
540 70 60.89 
541 70 60.96 
542 70 61.27 
543 70 61.18 
544 70 60.53 
545 70 61.22 
546 70 60.13 
547 70 60.87 
548 70 61.38 
549 70 60.39 
550 70 61.27 
551 70 61.66 
552 70 60.32 
553 70 61.04 
554 70 62.24 
555 70 61.42 
556 70 61.43 
557 70 61.48 
558 70 62.17 
559 70 62.72 
560 70 61.88 
561 70 61.15 
562 70 61.80 
563 70 60.42 
564 70 60.82 
565 70 60.82 
566 70 61.43 
567 70 61.99 
568 70 62.27 
569 70 61.55 
570 70 61.76 
571 70 61.80 
572 70 60.69 
573 70 60.69 
574 70 61.49 
575 70 61.21 
576 70 60.70 
577 70 61.69 
578 70 61.08 
579 70 61.60 
580 70 60.93 
581 70 60.56 
582 70 60.16 
583 70 60.52 
584 70 60.88 
585 70 60.55 
586 70 61.51 
587 70 60.91 
588 70 60.65 
589 70 61.45 
590 70 61.47 
591 70 62.45 
592 70 61.43 
593 70 61.07 
594 70 61.51 
595 70 61.95 
596 70 61.49 
597 70 61.30 
598 70 61.50 
599 70 60.45 
600 70 61.48 
601 70 61.06 
602 70 62.16 
603 70 61.91 
604 70 61.42 
605 70 61.30 
606 70 61.50 
607 70 61.07 
608 70 61.34 
609 70 61.25 
610 70 61.21 
611 70 60.19 
612 70 59.46 
613 70 60.45 
614 70 61.19 
615 70 61.60 
616 70 61.01 
617 70 61.72 
618 70 61.72 
619 70 61.07 
620 70 61.10 
621 70 61.31 
622 70 61.18 
623 70 60.95 
624 70 61.61 
625 70 61.62 
626 70 62.20 
627 70 61.72 
628 70 61.60 
629 70 60.92 
630 70 61.24 
631 70 60.73 
632 70 60.10 
633 70 60.72 
634 70 60.83 
635 70 60.57 
636 70 60.82 
637 70 61.19 
638 70 62.07 
639 70 62.53 
640 70 62.47 
641 70 62.26 
642 70 61.51 
643 70 61.56 
644 70 61.33 
645 70 60.74 
646 70 61.22 
647 70 61.49 
648 70 62.20 
649 70 61.84 
650 70 61.59 
651 70 61.33 
652 70 60.61 
653 70 60.74 
654 70 61.65 
655 70 62.19 
656 70 61.67 
657 70 61.16 
658 70 61.15 
659 70 61.23 
660 70 61.31 
661 70 60.88 
662 70 61.43 
663 70 61.33 
664 70 62.17 
665 70 62.10 
666 70 62.05 
667 70 60.78 
668 70 61.99 
669 70 61.70 
670 70 61.69 
671 70 61.25 
672 70 61.79 
673 70 61.07 
674 70 60.44 
675 70 60.59 
676 70 62.17 
677 70 61.66 
678 70 61.93 
679 70 62.39 
680 70 61.51 
681 70 61.04 
682 70 62.06 
683 70 61.60 
684 70 61.31 
685 70 61.00 
686 70 61.34 
687 70 61.48 
688 70 62.14 
689 70 60.67 
690 70 61.39 
691 70 61.95 
692 70 61.88 
693 70 61.92 
694 70 60.80 
695 70 60.89 
696 70 61.58 
697 70 61.54 
698 70 61.28 
699 70 61.84 
700 70 62.13 
701 70 62.22 
702 70 60.35 
703 70 61.11 
704 70 61.48 
705 70 61.33 
706 70 60.46 
707 70 61.46 
708 70 61.33 
709 70 61.79 
710 70 61.22 
711 70 62.26 
712 70 61.92 
713 70 61.82 
714 70 62.44 
715 70 62.10 
716 70 62.00 
717 70 61.31 
718 70 60.94 
719 70 60.87 
720 70 61.24 
721 70 61.51 
722 70 61.72 
723 70 61.14 
724 70 61.47 
725 70 61.67 
726 70 60.56 
727 70 60.19 
728 70 60.34 
729 70 61.61 
730 70 62.23 
731 70 62.18 
732 70 61.88 
733 70 60.66 
734 70 60.32 
735 70 60.51 
736 70 62.19 
737 70 60.71 
738 70 61.69 
739 70 61.88 
740 70 60.43 
741 70 62.02 
742 70 62.33 
743 70 61.97 
744 70 61.63 
745 70 61.59 
746 70 61.16 
747 70 61.01 
748 70 62.35 
749 70 62.09 
750 70 60.73 
751 70 60.40 
752 70 60.83 
753 70 60.68 
754 70 62.26 
755 70 62.16 
756 70 62.34 
757 70 61.54 
758 70 61.31 
759 70 60.75 
760 70 61.12 
761 70 62.73 
762 70 61.76 
763 70 61.96 
764 70 61.22 
765 70 62.79 
766 70 62.64 
767 70 61.67 
768 70 61.12 
769 70 62.00 
770 70 61.62 
771 70 60.44 
772 70 60.85 
773 70 61.93 
774 70 61.85 
775 70 62.61 
776 70 62.01 
777 70 60.69 
778 70 61.90 
779 70 61.91 
780 70 61.81 
781 70 61.66 
782 70 60.94 
783 70 61.28 
784 70 61.13 
785 70 61.65 
786 70 61.89 
787 70 62.71 
788 70 62.38 
789 70 61.55 
790 70 61.22 
791 70 60.83 
792 70 60.06 
793 70 59.70 
794 70 60.31 
795 70 59.81 
796 70 60.48 
797 70 61.05 
798 70 61.22 
799 70 61.05 
800 70 61.22 
801 70 60.80 
802 70 61.28 
803 70 60.85 
804 70 60.29 
805 70 59.98 
806 70 62.01 
807 70 61.30 
808 70 60.76 
809 70 60.85 
810 70 59.81 
811 70 60.40 
812 70 60.44 
813 70 60.67 
814 70 60.23 
815 70 60.26 
816 70 61.24 
817 70 60.15 
818 70 60.54 
819 70 60.98 
820 70 61.15 
821 70 61.87 
822 70 61.37 
823 70 60.59 
824 70 60.78 
825 70 60.22 
826 70 60.73 
827 70 61.09 
828 70 60.21 
829 70 62.18 
830 70 60.78 
831 70 60.25 
832 70 60.42 
833 70 59.79 
834 70 59.85 
835 70 60.64 
836 70 59.93 
837 70 60.94 
838 70 61.22 
839 70 61.12 
840 70 61.01 
841 70 60.95 
842 70 60.43 
843 70 60.99 
844 70 60.60 
845 70 61.14 
846 70 61.74 
847 70 61.16 
848 70 61.66 
849 70 60.70 
850 70 60.99 
851 70 61.11 
852 70 61.36 
853 70 60.92 
854 70 60.08 
855 70 60.19 
856 70 60.63 
857 70 60.66 
858 70 61.09 
859 70 59.60 
860 70 59.85 
861 70 60.73 
862 70 62.12 
863 70 61.24 
864 70 61.22 
865 70 61.65 
866 70 61.14 
867 70 60.84 
868 70 59.78 
869 70 60.01 
870 70 59.57 
871 70 59.86 
872 70 60.31 
873 70 60.49 
874 70 61.06 
875 70 59.93 
876 70 60.77 
877 70 59.58 
878 70 59.86 
879 70 60.45 
880 70 61.48 
881 70 61.29 
882 70 62.10 
883 70 60.87 
884 70 61.16 
885 70 59.95 
886 70 60.53 
887 70 60.34 
888 70 60.85 
889 70 60.33 
890 70 60.62 
891 70 59.96 
892 70 60.62 
893 70 60.28 
894 70 60.41 
895 70 60.80 
896 70 60.92 
897 70 60.30 
898 70 60.23 
899 70 60.77 
900 70 61.22 
901 70 60.07 
902 70 60.04 
903 70 60.23 
904 70 60.50 
905 70 61.12 
906 70 60.01 
907 70 61.18 
908 70 60.61 
909 70 60.76 
910 70 60.18 
911 70 60.76 
912 70 60.86 
913 70 59.29 
914 70 59.86 
915 70 59.89 
916 70 60.51 
917 70 60.16 
918 70 58.79 
919 70 58.25 
920 70 60.22 
921 70 60.05 
922 70 60.65 
923 70 59.43 
924 70 59.70 
925 70 60.59 
926 70 60.64 
927 70 62.01 
928 70 60.56 
929 70 60.24 
930 70 59.63 
931 70 60.19 
932 70 60.47 
933 70 60.82 
934 70 61.03 
935 70 60.81 
936 70 61.38 
937 70 61.61 
938 70 61.11 
939 70 60.02 
940 70 59.50 
941 70 60.60 
942 70 60.66 
943 70 60.29 
944 70 61.25 
945 70 60.54 
946 70 60.69 
947 70 60.50 
948 70 60.97 
949 70 60.02 
950 70 60.71 
951 70 59.90 
952 70 60.45 
953 70 59.52 
954 70 60.32 
955 70 60.99 
956 70 59.36 
957 70 60.00 
958 70 60.62 
959 70 60.00 
960 70 60.33 
961 70 59.85 
962 70 58.52 
963 70 59.37 
964 70 59.75 
965 70 59.92 
966 70 59.80 
967 70 60.87 
968 70 60.69 
969 70 60.52 
970 70 60.07 
971 70 59.37 
972 70 59.11 
973 70 60.17 
974 70 60.24 
975 70 59.69 
976 70 59.63 
977 70 61.66 
978 70 60.09 
979 70 59.80 
980 70 59.29 
981 70 57.72 
982 70 59.18 
983 70 59.80 
984 70 60.26 
985 70 59.73 
986 70 58.82 
987 70 59.99 
988 70 59.73 
989 70 60.12 
990 70 60.11 
991 70 59.85 
992 70 59.33 
993 70 60.65 
994 70 59.96 
995 70 59.97 
996 70 60.22 
997 70 60.31 
998 70 59.77 
999 70 60.21 


121
232
121

2(4+7+4) = 30*6